4.234 5.607 6.206 6.893 8.737 14.869 36.338 113.787 400.000 
5.565 7.596 8.529 9.521 11.922 19.271 43.034 122.596 400.000 
5.993 8.280 9.323 10.260 12.082 16.529 26.964 46.161 46.161 
6.120 8.486 9.546 10.376 11.697 14.330 19.095 25.085 25.085 
6.120 8.486 9.546 10.376 11.697 14.330 19.095 25.085 25.085 


2.311 3.728 4.820 6.495 10.586 21.936 54.241 146.003 400.000 
3.591 5.901 7.674 10.177 15.762 29.986 66.928 161.985 400.000 
4.180 6.918 8.940 11.431 16.140 26.031 45.396 74.398 74.398 
4.397 7.289 9.353 11.639 15.395 22.104 32.661 44.048 44.048 
4.397 7.289 9.353 11.639 15.395 22.104 32.661 44.048 44.048 


1.608 2.996 4.530 7.178 13.132 27.714 64.387 157.914 400.000 
2.735 5.112 7.655 11.733 20.181 39.117 82.065 179.183 400.000 
3.362 6.272 9.225 13.475 21.163 35.636 60.711 93.948 93.948 
3.626 6.743 9.786 13.821 20.384 31.158 46.508 61.501 61.501 
3.626 6.743 9.786 13.821 20.384 31.158 46.508 61.501 61.501 


1.373 2.823 4.772 8.253 15.563 31.993 70.341 163.343 400.000 
2.434 4.976 8.256 13.749 24.437 46.347 91.982 188.458 400.000 
3.086 6.253 10.129 16.068 26.344 44.206 72.699 107.784 107.784 
3.379 6.804 10.840 16.643 25.844 40.005 58.811 76.032 76.032 
3.379 6.804 10.840 16.643 25.844 40.005 58.811 76.032 76.032 


1.349 2.940 5.273 9.424 17.685 35.175 74.160 166.369 400.000 
2.434 5.252 9.230 15.911 28.262 52.039 98.913 194.342 400.000 
3.132 6.683 11.456 18.889 31.239 51.497 82.042 117.970 117.970 
3.459 7.323 12.347 19.771 31.203 47.959 69.131 87.711 87.711 
3.459 7.323 12.347 19.771 31.203 47.959 69.131 87.711 87.711 


1.431 3.205 5.887 10.568 19.495 37.616 76.831 168.337 400.000 
2.602 5.768 10.386 18.035 31.606 56.578 104.041 198.487 400.000 
3.375 7.396 13.010 21.706 35.659 57.591 89.395 125.714 125.714 
3.744 8.143 14.109 22.935 36.155 54.823 77.588 97.004 97.004 
3.744 8.143 14.109 22.935 36.155 54.823 77.588 97.004 97.004 


1.567 3.542 6.532 11.632 21.033 39.545 78.824 169.751 400.000 
2.861 6.406 11.599 20.028 34.495 60.253 107.993 201.594 400.000 
3.729 8.260 14.642 24.378 39.552 62.655 95.250 131.741 131.741 
4.150 9.129 15.960 25.962 40.575 60.631 84.468 104.405 104.405 
4.150 9.129 15.960 25.962 40.575 60.631 84.468 104.405 104.405 


1.727 3.904 7.164 12.596 22.342 41.105 80.375 170.827 400.000 
3.163 7.089 12.788 21.844 36.975 63.263 111.121 204.010 400.000 
4.138 9.182 16.245 26.831 42.932 66.862 99.961 136.510 136.510 
4.617 10.178 17.785 28.754 44.440 65.499 90.064 110.326 110.326 
4.617 10.178 17.785 28.754 44.440 65.499 90.064 110.326 110.326 


1.894 4.265 7.759 13.456 23.456 42.385 81.615 171.675 400.000 
3.477 7.767 13.908 23.468 39.098 65.749 113.640 205.931 400.000 
4.563 10.098 17.759 29.033 45.841 70.360 103.784 140.330 140.330 
5.100 11.221 19.508 31.269 47.779 69.566 94.627 115.094 115.094 
5.100 11.221 19.508 31.269 47.779 69.566 94.627 115.094 115.094 


2.057 4.608 8.303 14.213 24.405 43.445 82.621 172.355 400.000 
3.785 8.413 14.934 24.901 40.909 67.814 115.692 207.479 400.000 
4.978 10.970 19.147 30.981 48.329 73.274 106.906 143.419 143.419 
5.573 12.214 21.091 33.496 50.641 72.961 98.363 118.959 118.959 
5.573 12.214 21.091 33.496 50.641 72.961 98.363 118.959 118.959 


2.211 4.924 8.791 14.874 25.212 44.328 83.447 172.908 400.000 
4.075 9.009 15.857 26.154 42.452 69.536 117.377 208.740 400.000 
5.369 11.775 20.396 32.686 50.451 75.706 109.472 145.935 145.935 
6.018 13.131 22.516 35.445 53.084 75.797 101.435 122.110 122.110 
6.018 13.131 22.516 35.445 53.084 75.797 101.435 122.110 122.110 


2.352 5.210 9.225 15.448 25.898 45.066 84.129 173.362 400.000 
4.340 9.547 16.675 27.241 43.764 70.975 118.769 209.774 400.000 
5.728 12.503 21.503 34.165 52.256 77.739 111.590 147.998 147.998 
6.426 13.960 23.779 37.138 55.161 78.167 103.971 124.693 124.693 
6.426 13.960 23.779 37.138 55.161 78.167 103.971 124.693 124.693 


2.479 5.464 9.605 15.942 26.481 45.684 84.694 173.737 400.000 
4.579 10.027 17.392 28.179 44.878 72.180 119.923 210.626 400.000 
6.050 13.150 22.475 35.441 53.788 79.440 113.344 149.697 149.697 
6.794 14.698 24.887 38.597 56.924 80.151 106.072 126.821 126.821 
6.794 14.698 24.887 38.597 56.924 80.151 106.072 126.821 126.821 


2.592 5.688 9.935 16.367 26.975 46.203 85.165 174.047 400.000 
4.791 10.448 18.016 28.984 45.823 73.191 120.883 211.332 400.000 
6.336 13.720 23.320 36.537 55.087 80.867 114.803 151.103 151.103 
7.119 15.347 25.851 39.851 58.419 81.813 107.817 128.580 128.580 
7.119 15.347 25.851 39.851 58.419 81.813 107.817 128.580 128.580 


2.690 5.883 10.221 16.731 27.394 46.639 85.559 174.305 400.000 
4.977 10.816 18.555 29.674 46.623 74.040 121.684 211.918 400.000 
6.587 14.218 24.050 37.474 56.187 82.064 116.018 152.270 152.270 
7.405 15.914 26.685 40.924 59.684 83.208 109.271 130.040 130.040 
7.405 15.914 26.685 40.924 59.684 83.208 109.271 130.040 130.040 


2.776 6.052 10.467 17.042 27.748 47.006 85.887 174.520 400.000 
5.139 11.135 19.020 30.262 47.301 74.754 122.353 212.406 400.000 
6.806 14.648 24.679 38.274 57.117 83.070 117.033 153.241 153.241 
7.654 16.404 27.402 41.839 60.755 84.379 110.485 131.255 131.255 
7.654 16.404 27.402 41.839 60.755 84.379 110.485 131.255 131.255 


2.851 6.198 10.678 17.306 28.049 47.314 86.163 174.699 400.000 
5.279 11.410 19.418 30.763 47.874 75.354 122.913 212.814 400.000 
6.994 15.019 25.217 38.955 57.904 83.915 117.883 154.052 154.052 
7.869 16.827 28.016 42.617 61.660 85.364 111.500 132.269 132.269 
7.869 16.827 28.016 42.617 61.660 85.364 111.500 132.269 132.269 


2.915 6.323 10.858 17.531 28.303 47.574 86.394 174.850 400.000 
5.399 11.645 19.757 31.189 48.359 75.859 123.383 213.155 400.000 
7.157 15.338 25.677 39.534 58.570 84.626 118.594 154.729 154.729 
8.054 17.190 28.541 43.279 62.425 86.191 112.351 133.116 133.116 
8.054 17.190 28.541 43.279 62.425 86.191 112.351 133.116 133.116 


2.969 6.430 11.011 17.722 28.517 47.793 86.588 174.976 400.000 
5.502 11.847 20.047 31.550 48.769 76.285 123.778 213.441 400.000 
7.296 15.610 26.070 40.025 59.132 85.224 119.191 155.297 155.297 
8.213 17.500 28.988 43.841 63.071 86.888 113.064 133.826 133.826 
8.213 17.500 28.988 43.841 63.071 86.888 113.064 133.826 133.826 


3.016 6.522 11.142 17.884 28.699 47.977 86.751 175.082 400.000 
5.591 12.019 20.294 31.857 49.115 76.643 124.109 213.681 400.000 
7.416 15.843 26.403 40.442 59.607 85.728 119.693 155.773 155.773 
8.348 17.765 29.368 44.317 63.617 87.474 113.663 134.420 134.420 
8.348 17.765 29.368 44.317 63.617 87.474 113.663 134.420 134.420 


3.056 6.599 11.253 18.021 28.852 48.132 86.888 175.170 400.000 
5.666 12.166 20.503 32.117 49.407 76.944 124.388 213.882 400.000 
7.517 16.040 26.687 40.795 60.008 86.152 120.114 156.172 156.172 
8.464 17.990 29.691 44.720 64.078 87.968 114.166 134.920 134.920 
8.464 17.990 29.691 44.720 64.078 87.968 114.166 134.920 134.920 


3.090 6.665 11.347 18.137 28.981 48.263 87.004 175.245 400.000 
5.730 12.290 20.681 32.336 49.654 77.199 124.622 214.051 400.000 
7.604 16.208 26.927 41.093 60.347 86.510 120.469 156.508 156.508 
8.562 18.182 29.965 45.062 64.468 88.384 114.589 135.339 135.339 
8.562 18.182 29.965 45.062 64.468 88.384 114.589 135.339 135.339 


3.119 6.721 11.427 18.235 29.091 48.374 87.101 175.308 400.000 
5.784 12.396 20.831 32.522 49.862 77.413 124.819 214.194 400.000 
7.677 16.351 27.130 41.346 60.632 86.811 120.767 156.790 156.790 
8.646 18.344 30.198 45.350 64.796 88.734 114.945 135.691 135.691 
8.646 18.344 30.198 45.350 64.796 88.734 114.945 135.691 135.691 


3.144 6.769 11.495 18.318 29.183 48.467 87.183 175.361 400.000 
5.831 12.485 20.959 32.679 50.038 77.594 124.985 214.313 400.000 
7.739 16.472 27.303 41.559 60.874 87.065 121.018 157.027 157.027 
8.717 18.482 30.394 45.594 65.073 89.030 115.245 135.988 135.988 
8.717 18.482 30.394 45.594 65.073 89.030 115.245 135.988 135.988 


3.165 6.809 11.552 18.389 29.261 48.545 87.252 175.405 400.000 
5.870 12.561 21.066 32.812 50.187 77.746 125.125 214.414 400.000 
7.792 16.574 27.449 41.740 61.077 87.279 121.230 157.227 157.227 
8.777 18.598 30.560 45.800 65.307 89.279 115.498 136.238 136.238 
8.777 18.598 30.560 45.800 65.307 89.279 115.498 136.238 136.238 


